// tischkalender with holzfuss
11
37
45
76
84
116
131
158
182
209
230
265
282
304
323
338
367
390
439
465
523
541
563
583
610
633
656
677
686
728
750
769
792
817
839
857
893
944
968
1013
1043
1079
1103
1127
1159
1183
1207
1232
10
38
44
85
117
135
159
183
208
231
266
281
303
339
368
383
391
440
466
524
542
564
584
599
611
634
657
680
687
729
751
770
793
820
840
858
894
935
945
969
1014
1027
1044
1080
1104
1128
1160
1184
1208
1233
9
39
43
77
86
118
136
160
184
207
232
267
284
302
324
340
369
392
441
467
525
543
565
585
612
635
658
681
688
730
752
771
794
819
841
859
884
895
919
936
946
970
984
994
1015
1045
1081
1105
1129
1141
1161
1185
1209
1234
8
40
87
101
119
137
161
185
206
234
269
283
301
325
341
370
393
442
468
526
544
566
586
600
613
636
659
678
689
731
753
772
795
818
842
860
875
896
899
905
926
947
971
995
1016
1046
1082
1106
1130
1162
1186
1210
1235
7
41
42
88
120
138
162
186
205
235
268
280
300
326
342
371
394
443
469
527
545
567
587
601
614
637
660
679
690
732
754
773
796
816
843
861
897
948
972
1017
1047
1083
1107
1131
1163
1187
1211
1236
